   0.000000E+00   0.000000E+00   0.000000E+00   0.000000E+00   0.000000E+00   0.000000E+00   0.000000E+00   0.000000E+00   0.000000E+00   0.000000E+00   0.000000E+00   0.000000E+00   0.000000E+00   0.000000E+00   0.000000E+00   0.000000E+00   0.000000E+00   0.000000E+00   0.000000E+00   0.000000E+00   1.924449E-03   7.145278E-02   1.258685E-01   1.649210E-01   1.884270E-01   1.962749E-01   1.884270E-01   1.649210E-01   1.258685E-01   7.145278E-02   1.924449E-03   0.000000E+00   0.000000E+00   0.000000E+00   0.000000E+00   0.000000E+00   0.000000E+00   0.000000E+00   0.000000E+00   0.000000E+00   0.000000E+00   0.000000E+00   0.000000E+00   0.000000E+00   0.000000E+00   0.000000E+00   0.000000E+00   0.000000E+00   0.000000E+00   0.000000E+00   0.000000E+00
   0.000000E+00   0.000000E+00   0.000000E+00   0.000000E+00   0.000000E+00   0.000000E+00   0.000000E+00   0.000000E+00   0.000000E+00   0.000000E+00   0.000000E+00   0.000000E+00   0.000000E+00   0.000000E+00   0.000000E+00   0.000000E+00   0.000000E+00   7.920820E-02   1.962749E-01   2.988742E-01   3.865433E-01   4.588710E-01   5.155069E-01   5.561688E-01   5.806502E-01   5.888247E-01   5.806502E-01   5.561688E-01   5.155069E-01   4.588710E-01   3.865433E-01   2.988742E-01   1.962749E-01   7.920820E-02   0.000000E+00   0.000000E+00   0.000000E+00   0.000000E+00   0.000000E+00   0.000000E+00   0.000000E+00   0.000000E+00   0.000000E+00   0.000000E+00   0.000000E+00   0.000000E+00   0.000000E+00   0.000000E+00   0.000000E+00   0.000000E+00   0.000000E+00
   0.000000E+00   0.000000E+00   0.000000E+00   0.000000E+00   0.000000E+00   0.000000E+00   0.000000E+00   0.000000E+00   0.000000E+00   0.000000E+00   0.000000E+00   0.000000E+00   0.000000E+00   0.000000E+00   1.924449E-03   1.649210E-01   3.147551E-01   4.508076E-01   5.724826E-01   6.792177E-01   7.704949E-01   8.458526E-01   9.048952E-01   9.473040E-01   9.728448E-01   9.813745E-01   9.728448E-01   9.473040E-01   9.048952E-01   8.458526E-01   7.704949E-01   6.792177E-01   5.724826E-01   4.508076E-01   3.147551E-01   1.649210E-01   1.924449E-03   0.000000E+00   0.000000E+00   0.000000E+00   0.000000E+00   0.000000E+00   0.000000E+00   0.000000E+00   0.000000E+00   0.000000E+00   0.000000E+00   0.000000E+00   0.000000E+00   0.000000E+00   0.000000E+00
   0.000000E+00   0.000000E+00   0.000000E+00   0.000000E+00   0.000000E+00   0.000000E+00   0.000000E+00   0.000000E+00   0.000000E+00   0.000000E+00   0.000000E+00   0.000000E+00   0.000000E+00   1.727501E-01   3.545715E-01   5.236254E-01   6.792177E-01   8.206647E-01   9.473040E-01   1.058507E+00   1.153693E+00   1.232340E+00   1.294000E+00   1.338311E+00   1.365007E+00   1.373924E+00   1.365007E+00   1.338311E+00   1.294000E+00   1.232340E+00   1.153693E+00   1.058507E+00   9.473040E-01   8.206647E-01   6.792177E-01   5.236254E-01   3.545715E-01   1.727501E-01   0.000000E+00   0.000000E+00   0.000000E+00   0.000000E+00   0.000000E+00   0.000000E+00   0.000000E+00   0.000000E+00   0.000000E+00   0.000000E+00   0.000000E+00   0.000000E+00   0.000000E+00
   0.000000E+00   0.000000E+00   0.000000E+00   0.000000E+00   0.000000E+00   0.000000E+00   0.000000E+00   0.000000E+00   0.000000E+00   0.000000E+00   0.000000E+00   1.025109E-01   3.147551E-01   5.155069E-01   7.040227E-01   8.795444E-01   1.041309E+00   1.188560E+00   1.320560E+00   1.436603E+00   1.536034E+00   1.618264E+00   1.682781E+00   1.729173E+00   1.757133E+00   1.766474E+00   1.757133E+00   1.729173E+00   1.682781E+00   1.618264E+00   1.536034E+00   1.436603E+00   1.320560E+00   1.188560E+00   1.041309E+00   8.795444E-01   7.040227E-01   5.155069E-01   3.147551E-01   1.025109E-01   0.000000E+00   0.000000E+00   0.000000E+00   0.000000E+00   0.000000E+00   0.000000E+00   0.000000E+00   0.000000E+00   0.000000E+00   0.000000E+00   0.000000E+00
   0.000000E+00   0.000000E+00   0.000000E+00   0.000000E+00   0.000000E+00   0.000000E+00   0.000000E+00   0.000000E+00   0.000000E+00   0.000000E+00   1.962749E-01   4.266580E-01   6.462466E-01   8.542639E-01   1.049904E+00   1.232340E+00   1.400731E+00   1.554238E+00   1.692039E+00   1.813339E+00   1.917398E+00   2.003544E+00   2.071192E+00   2.119867E+00   2.149216E+00   2.159024E+00   2.149216E+00   2.119867E+00   2.071192E+00   2.003544E+00   1.917398E+00   1.813339E+00   1.692039E+00   1.554238E+00   1.400731E+00   1.232340E+00   1.049904E+00   8.542639E-01   6.462466E-01   4.266580E-01   1.962749E-01   0.000000E+00   0.000000E+00   0.000000E+00   0.000000E+00   0.000000E+00   0.000000E+00   0.000000E+00   0.000000E+00   0.000000E+00   0.000000E+00
   0.000000E+00   0.000000E+00   0.000000E+00   0.000000E+00   0.000000E+00   0.000000E+00   0.000000E+00   0.000000E+00   1.924449E-03   2.592852E-01   5.073954E-01   7.455119E-01   9.728448E-01   1.188560E+00   1.391786E+00   1.581618E+00   1.757133E+00   1.917398E+00   2.061492E+00   2.188521E+00   2.297640E+00   2.388082E+00   2.459174E+00   2.510366E+00   2.541251E+00   2.551574E+00   2.541251E+00   2.510366E+00   2.459174E+00   2.388082E+00   2.297640E+00   2.188521E+00   2.061492E+00   1.917398E+00   1.757133E+00   1.581618E+00   1.391786E+00   1.188560E+00   9.728448E-01   7.455119E-01   5.073954E-01   2.592852E-01   1.924449E-03   0.000000E+00   0.000000E+00   0.000000E+00   0.000000E+00   0.000000E+00   0.000000E+00   0.000000E+00   0.000000E+00
   0.000000E+00   0.000000E+00   0.000000E+00   0.000000E+00   0.000000E+00   0.000000E+00   0.000000E+00   1.733338E-02   2.909435E-01   5.561688E-01   8.122841E-01   1.058507E+00   1.294000E+00   1.517869E+00   1.729173E+00   1.926925E+00   2.110108E+00   2.277686E+00   2.428624E+00   2.561911E+00   2.676584E+00   2.771759E+00   2.846658E+00   2.900641E+00   2.933228E+00   2.944124E+00   2.933228E+00   2.900641E+00   2.846658E+00   2.771759E+00   2.676584E+00   2.561911E+00   2.428624E+00   2.277686E+00   2.110108E+00   1.926925E+00   1.729173E+00   1.517869E+00   1.294000E+00   1.058507E+00   8.122841E-01   5.561688E-01   2.909435E-01   1.733338E-02   0.000000E+00   0.000000E+00   0.000000E+00   0.000000E+00   0.000000E+00   0.000000E+00   0.000000E+00
   0.000000E+00   0.000000E+00   0.000000E+00   0.000000E+00   0.000000E+00   0.000000E+00   1.924449E-03   2.909435E-01   5.724826E-01   8.458526E-01   1.110300E+00   1.365007E+00   1.609087E+00   1.841588E+00   2.061492E+00   2.267728E+00   2.459174E+00   2.634679E+00   2.793080E+00   2.933228E+00   3.054020E+00   3.154432E+00   3.233560E+00   3.290650E+00   3.325138E+00   3.336673E+00   3.325138E+00   3.290650E+00   3.233560E+00   3.154432E+00   3.054020E+00   2.933228E+00   2.793080E+00   2.634679E+00   2.459174E+00   2.267728E+00   2.061492E+00   1.841588E+00   1.609087E+00   1.365007E+00   1.110300E+00   8.458526E-01   5.724826E-01   2.909435E-01   1.924449E-03   0.000000E+00   0.000000E+00   0.000000E+00   0.000000E+00   0.000000E+00   0.000000E+00
   0.000000E+00   0.000000E+00   0.000000E+00   0.000000E+00   0.000000E+00   0.000000E+00   2.592852E-01   5.561688E-01   8.458526E-01   1.127632E+00   1.400731E+00   1.664297E+00   1.917398E+00   2.159024E+00   2.388082E+00   2.603405E+00   2.803764E+00   2.987876E+00   3.154432E+00   3.302126E+00   3.429686E+00   3.535923E+00   3.619772E+00   3.680345E+00   3.716968E+00   3.729223E+00   3.716968E+00   3.680345E+00   3.619772E+00   3.535923E+00   3.429686E+00   3.302126E+00   3.154432E+00   2.987876E+00   2.803764E+00   2.603405E+00   2.388082E+00   2.159024E+00   1.917398E+00   1.664297E+00   1.400731E+00   1.127632E+00   8.458526E-01   5.561688E-01   2.592852E-01   0.000000E+00   0.000000E+00   0.000000E+00   0.000000E+00   0.000000E+00   0.000000E+00
   0.000000E+00   0.000000E+00   0.000000E+00   0.000000E+00   0.000000E+00   1.962749E-01   5.073954E-01   8.122841E-01   1.110300E+00   1.400731E+00   1.682781E+00   1.955571E+00   2.218129E+00   2.469384E+00   2.708172E+00   2.933228E+00   3.143203E+00   3.336673E+00   3.512165E+00   3.668184E+00   3.803263E+00   3.916008E+00   4.005163E+00   4.069664E+00   4.108703E+00   4.121773E+00   4.108703E+00   4.069664E+00   4.005163E+00   3.916008E+00   3.803263E+00   3.668184E+00   3.512165E+00   3.336673E+00   3.143203E+00   2.933228E+00   2.708172E+00   2.469384E+00   2.218129E+00   1.955571E+00   1.682781E+00   1.400731E+00   1.110300E+00   8.122841E-01   5.073954E-01   1.962749E-01   0.000000E+00   0.000000E+00   0.000000E+00   0.000000E+00   0.000000E+00
   0.000000E+00   0.000000E+00   0.000000E+00   0.000000E+00   1.025109E-01   4.266580E-01   7.455119E-01   1.058507E+00   1.365007E+00   1.664297E+00   1.955571E+00   2.237930E+00   2.510366E+00   2.771759E+00   3.020869E+00   3.256338E+00   3.476689E+00   3.680345E+00   3.865644E+00   4.030879E+00   4.174348E+00   4.294409E+00   4.389562E+00   4.458528E+00   4.500321E+00   4.514323E+00   4.500321E+00   4.458528E+00   4.389562E+00   4.294409E+00   4.174348E+00   4.030879E+00   3.865644E+00   3.680345E+00   3.476689E+00   3.256338E+00   3.020869E+00   2.771759E+00   2.510366E+00   2.237930E+00   1.955571E+00   1.664297E+00   1.365007E+00   1.058507E+00   7.455119E-01   4.266580E-01   1.025109E-01   0.000000E+00   0.000000E+00   0.000000E+00   0.000000E+00
   0.000000E+00   0.000000E+00   0.000000E+00   0.000000E+00   3.147551E-01   6.462466E-01   9.728448E-01   1.294000E+00   1.609087E+00   1.917398E+00   2.218129E+00   2.510366E+00   2.793080E+00   3.065105E+00   3.325138E+00   3.571724E+00   3.803263E+00   4.018007E+00   4.214092E+00   4.389562E+00   4.542434E+00   4.670765E+00   4.772752E+00   4.846834E+00   4.891797E+00   4.906873E+00   4.891797E+00   4.846834E+00   4.772752E+00   4.670765E+00   4.542434E+00   4.389562E+00   4.214092E+00   4.018007E+00   3.803263E+00   3.571724E+00   3.325138E+00   3.065105E+00   2.793080E+00   2.510366E+00   2.218129E+00   1.917398E+00   1.609087E+00   1.294000E+00   9.728448E-01   6.462466E-01   3.147551E-01   0.000000E+00   0.000000E+00   0.000000E+00   0.000000E+00
   0.000000E+00   0.000000E+00   0.000000E+00   1.727501E-01   5.155069E-01   8.542639E-01   1.188560E+00   1.517869E+00   1.841588E+00   2.159024E+00   2.469384E+00   2.771759E+00   3.065105E+00   3.348229E+00   3.619772E+00   3.878196E+00   4.121773E+00   4.348586E+00   4.556544E+00   4.743412E+00   4.906873E+00   5.044614E+00   5.154447E+00   5.234446E+00   5.283094E+00   5.299422E+00   5.283094E+00   5.234446E+00   5.154447E+00   5.044614E+00   4.906873E+00   4.743412E+00   4.556544E+00   4.348586E+00   4.121773E+00   3.878196E+00   3.619772E+00   3.348229E+00   3.065105E+00   2.771759E+00   2.469384E+00   2.159024E+00   1.841588E+00   1.517869E+00   1.188560E+00   8.542639E-01   5.155069E-01   1.727501E-01   0.000000E+00   0.000000E+00   0.000000E+00
   0.000000E+00   0.000000E+00   1.924449E-03   3.545715E-01   7.040227E-01   1.049904E+00   1.391786E+00   1.729173E+00   2.061492E+00   2.388082E+00   2.708172E+00   3.020869E+00   3.325138E+00   3.619772E+00   3.903378E+00   4.174348E+00   4.430839E+00   4.670765E+00   4.891797E+00   5.091385E+00   5.266823E+00   5.415342E+00   5.534264E+00   5.621180E+00   5.674166E+00   5.691972E+00   5.674166E+00   5.621180E+00   5.534264E+00   5.415342E+00   5.266823E+00   5.091385E+00   4.891797E+00   4.670765E+00   4.430839E+00   4.174348E+00   3.903378E+00   3.619772E+00   3.325138E+00   3.020869E+00   2.708172E+00   2.388082E+00   2.061492E+00   1.729173E+00   1.391786E+00   1.049904E+00   7.040227E-01   3.545715E-01   1.924449E-03   0.000000E+00   0.000000E+00
   0.000000E+00   0.000000E+00   1.649210E-01   5.236254E-01   8.795444E-01   1.232340E+00   1.581618E+00   1.926925E+00   2.267728E+00   2.603405E+00   2.933228E+00   3.256338E+00   3.571724E+00   3.878196E+00   4.174348E+00   4.458528E+00   4.728803E+00   4.982930E+00   5.218339E+00   5.432142E+00   5.621180E+00   5.782129E+00   5.911680E+00   6.006782E+00   6.064943E+00   6.084522E+00   6.064943E+00   6.006782E+00   5.911680E+00   5.782129E+00   5.621180E+00   5.432142E+00   5.218339E+00   4.982930E+00   4.728803E+00   4.458528E+00   4.174348E+00   3.878196E+00   3.571724E+00   3.256338E+00   2.933228E+00   2.603405E+00   2.267728E+00   1.926925E+00   1.581618E+00   1.232340E+00   8.795444E-01   5.236254E-01   1.649210E-01   0.000000E+00   0.000000E+00
   0.000000E+00   0.000000E+00   3.147551E-01   6.792177E-01   1.041309E+00   1.400731E+00   1.757133E+00   2.110108E+00   2.459174E+00   2.803764E+00   3.143203E+00   3.476689E+00   3.803263E+00   4.121773E+00   4.430839E+00   4.728803E+00   5.013677E+00   5.283094E+00   5.534264E+00   5.763945E+00   5.968472E+00   6.143853E+00   6.285965E+00   6.390890E+00   6.455330E+00   6.477072E+00   6.455330E+00   6.390890E+00   6.285965E+00   6.143853E+00   5.968472E+00   5.763945E+00   5.534264E+00   5.283094E+00   5.013677E+00   4.728803E+00   4.430839E+00   4.121773E+00   3.803263E+00   3.476689E+00   3.143203E+00   2.803764E+00   2.459174E+00   2.110108E+00   1.757133E+00   1.400731E+00   1.041309E+00   6.792177E-01   3.147551E-01   0.000000E+00   0.000000E+00
   0.000000E+00   7.920820E-02   4.508076E-01   8.206647E-01   1.188560E+00   1.554238E+00   1.917398E+00   2.277686E+00   2.634679E+00   2.987876E+00   3.336673E+00   3.680345E+00   4.018007E+00   4.348586E+00   4.670765E+00   4.982930E+00   5.283094E+00   5.568826E+00   5.837158E+00   6.084522E+00   6.306713E+00   6.498948E+00   6.656073E+00   6.772972E+00   6.845182E+00   6.869622E+00   6.845182E+00   6.772972E+00   6.656073E+00   6.498948E+00   6.306713E+00   6.084522E+00   5.837158E+00   5.568826E+00   5.283094E+00   4.982930E+00   4.670765E+00   4.348586E+00   4.018007E+00   3.680345E+00   3.336673E+00   2.987876E+00   2.634679E+00   2.277686E+00   1.917398E+00   1.554238E+00   1.188560E+00   8.206647E-01   4.508076E-01   7.920820E-02   0.000000E+00
   0.000000E+00   1.962749E-01   5.724826E-01   9.473040E-01   1.320560E+00   1.692039E+00   2.061492E+00   2.428624E+00   2.793080E+00   3.154432E+00   3.512165E+00   3.865644E+00   4.214092E+00   4.556544E+00   4.891797E+00   5.218339E+00   5.534264E+00   5.837158E+00   6.123975E+00   6.390890E+00   6.633179E+00   6.845182E+00   7.020450E+00   7.152215E+00   7.234274E+00   7.262171E+00   7.234274E+00   7.152215E+00   7.020450E+00   6.845182E+00   6.633179E+00   6.390890E+00   6.123975E+00   5.837158E+00   5.534264E+00   5.218339E+00   4.891797E+00   4.556544E+00   4.214092E+00   3.865644E+00   3.512165E+00   3.154432E+00   2.793080E+00   2.428624E+00   2.061492E+00   1.692039E+00   1.320560E+00   9.473040E-01   5.724826E-01   1.962749E-01   0.000000E+00
   0.000000E+00   2.988742E-01   6.792177E-01   1.058507E+00   1.436603E+00   1.813339E+00   2.188521E+00   2.561911E+00   2.933228E+00   3.302126E+00   3.668184E+00   4.030879E+00   4.389562E+00   4.743412E+00   5.091385E+00   5.432142E+00   5.763945E+00   6.084522E+00   6.390890E+00   6.679124E+00   6.944108E+00   7.179303E+00   7.376716E+00   7.527317E+00   7.622233E+00   7.654721E+00   7.622233E+00   7.527317E+00   7.376716E+00   7.179303E+00   6.944108E+00   6.679124E+00   6.390890E+00   6.084522E+00   5.763945E+00   5.432142E+00   5.091385E+00   4.743412E+00   4.389562E+00   4.030879E+00   3.668184E+00   3.302126E+00   2.933228E+00   2.561911E+00   2.188521E+00   1.813339E+00   1.436603E+00   1.058507E+00   6.792177E-01   2.988742E-01   0.000000E+00
   1.924449E-03   3.865433E-01   7.704949E-01   1.153693E+00   1.536034E+00   1.917398E+00   2.297640E+00   2.676584E+00   3.054020E+00   3.429686E+00   3.803263E+00   4.174348E+00   4.542434E+00   4.906873E+00   5.266823E+00   5.621180E+00   5.968472E+00   6.306713E+00   6.633179E+00   6.944108E+00   7.234274E+00   7.496475E+00   7.721081E+00   7.896075E+00   8.008401E+00   8.047271E+00   8.008401E+00   7.896075E+00   7.721081E+00   7.496475E+00   7.234274E+00   6.944108E+00   6.633179E+00   6.306713E+00   5.968472E+00   5.621180E+00   5.266823E+00   4.906873E+00   4.542434E+00   4.174348E+00   3.803263E+00   3.429686E+00   3.054020E+00   2.676584E+00   2.297640E+00   1.917398E+00   1.536034E+00   1.153693E+00   7.704949E-01   3.865433E-01   1.924449E-03
   7.145278E-02   4.588710E-01   8.458526E-01   1.232340E+00   1.618264E+00   2.003544E+00   2.388082E+00   2.771759E+00   3.154432E+00   3.535923E+00   3.916008E+00   4.294409E+00   4.670765E+00   5.044614E+00   5.415342E+00   5.782129E+00   6.143853E+00   6.498948E+00   6.845182E+00   7.179303E+00   7.496475E+00   7.789423E+00   8.047271E+00   8.254484E+00   8.391496E+00   8.439821E+00   8.391496E+00   8.254484E+00   8.047271E+00   7.789423E+00   7.496475E+00   7.179303E+00   6.845182E+00   6.498948E+00   6.143853E+00   5.782129E+00   5.415342E+00   5.044614E+00   4.670765E+00   4.294409E+00   3.916008E+00   3.535923E+00   3.154432E+00   2.771759E+00   2.388082E+00   2.003544E+00   1.618264E+00   1.232340E+00   8.458526E-01   4.588710E-01   7.145278E-02
   1.258685E-01   5.155069E-01   9.048952E-01   1.294000E+00   1.682781E+00   2.071192E+00   2.459174E+00   2.846658E+00   3.233560E+00   3.619772E+00   4.005163E+00   4.389562E+00   4.772752E+00   5.154447E+00   5.534264E+00   5.911680E+00   6.285965E+00   6.656073E+00   7.020450E+00   7.376716E+00   7.721081E+00   8.047271E+00   8.344572E+00   8.594662E+00   8.768668E+00   8.832371E+00   8.768668E+00   8.594662E+00   8.344572E+00   8.047271E+00   7.721081E+00   7.376716E+00   7.020450E+00   6.656073E+00   6.285965E+00   5.911680E+00   5.534264E+00   5.154447E+00   4.772752E+00   4.389562E+00   4.005163E+00   3.619772E+00   3.233560E+00   2.846658E+00   2.459174E+00   2.071192E+00   1.682781E+00   1.294000E+00   9.048952E-01   5.155069E-01   1.258685E-01
   1.649210E-01   5.561688E-01   9.473040E-01   1.338311E+00   1.729173E+00   2.119867E+00   2.510366E+00   2.900641E+00   3.290650E+00   3.680345E+00   4.069664E+00   4.458528E+00   4.846834E+00   5.234446E+00   5.621180E+00   6.006782E+00   6.390890E+00   6.772972E+00   7.152215E+00   7.527317E+00   7.896075E+00   8.254484E+00   8.594662E+00   8.899721E+00   9.132252E+00   9.224920E+00   9.132252E+00   8.899721E+00   8.594662E+00   8.254484E+00   7.896075E+00   7.527317E+00   7.152215E+00   6.772972E+00   6.390890E+00   6.006782E+00   5.621180E+00   5.234446E+00   4.846834E+00   4.458528E+00   4.069664E+00   3.680345E+00   3.290650E+00   2.900641E+00   2.510366E+00   2.119867E+00   1.729173E+00   1.338311E+00   9.473040E-01   5.561688E-01   1.649210E-01
   1.884270E-01   5.806502E-01   9.728448E-01   1.365007E+00   1.757133E+00   2.149216E+00   2.541251E+00   2.933228E+00   3.325138E+00   3.716968E+00   4.108703E+00   4.500321E+00   4.891797E+00   5.283094E+00   5.674166E+00   6.064943E+00   6.455330E+00   6.845182E+00   7.234274E+00   7.622233E+00   8.008401E+00   8.391496E+00   8.768668E+00   9.132252E+00   9.454871E+00   9.617470E+00   9.454871E+00   9.132252E+00   8.768668E+00   8.391496E+00   8.008401E+00   7.622233E+00   7.234274E+00   6.845182E+00   6.455330E+00   6.064943E+00   5.674166E+00   5.283094E+00   4.891797E+00   4.500321E+00   4.108703E+00   3.716968E+00   3.325138E+00   2.933228E+00   2.541251E+00   2.149216E+00   1.757133E+00   1.365007E+00   9.728448E-01   5.806502E-01   1.884270E-01
   1.962749E-01   5.888247E-01   9.813745E-01   1.373924E+00   1.766474E+00   2.159024E+00   2.551574E+00   2.944124E+00   3.336673E+00   3.729223E+00   4.121773E+00   4.514323E+00   4.906873E+00   5.299422E+00   5.691972E+00   6.084522E+00   6.477072E+00   6.869622E+00   7.262171E+00   7.654721E+00   8.047271E+00   8.439821E+00   8.832371E+00   9.224920E+00   9.617470E+00   9.990000E+00   9.617470E+00   9.224920E+00   8.832371E+00   8.439821E+00   8.047271E+00   7.654721E+00   7.262171E+00   6.869622E+00   6.477072E+00   6.084522E+00   5.691972E+00   5.299422E+00   4.906873E+00   4.514323E+00   4.121773E+00   3.729223E+00   3.336673E+00   2.944124E+00   2.551574E+00   2.159024E+00   1.766474E+00   1.373924E+00   9.813745E-01   5.888247E-01   1.962749E-01
   1.884270E-01   5.806502E-01   9.728448E-01   1.365007E+00   1.757133E+00   2.149216E+00   2.541251E+00   2.933228E+00   3.325138E+00   3.716968E+00   4.108703E+00   4.500321E+00   4.891797E+00   5.283094E+00   5.674166E+00   6.064943E+00   6.455330E+00   6.845182E+00   7.234274E+00   7.622233E+00   8.008401E+00   8.391496E+00   8.768668E+00   9.132252E+00   9.454871E+00   9.617470E+00   9.454871E+00   9.132252E+00   8.768668E+00   8.391496E+00   8.008401E+00   7.622233E+00   7.234274E+00   6.845182E+00   6.455330E+00   6.064943E+00   5.674166E+00   5.283094E+00   4.891797E+00   4.500321E+00   4.108703E+00   3.716968E+00   3.325138E+00   2.933228E+00   2.541251E+00   2.149216E+00   1.757133E+00   1.365007E+00   9.728448E-01   5.806502E-01   1.884270E-01
   1.649210E-01   5.561688E-01   9.473040E-01   1.338311E+00   1.729173E+00   2.119867E+00   2.510366E+00   2.900641E+00   3.290650E+00   3.680345E+00   4.069664E+00   4.458528E+00   4.846834E+00   5.234446E+00   5.621180E+00   6.006782E+00   6.390890E+00   6.772972E+00   7.152215E+00   7.527317E+00   7.896075E+00   8.254484E+00   8.594662E+00   8.899721E+00   9.132252E+00   9.224920E+00   9.132252E+00   8.899721E+00   8.594662E+00   8.254484E+00   7.896075E+00   7.527317E+00   7.152215E+00   6.772972E+00   6.390890E+00   6.006782E+00   5.621180E+00   5.234446E+00   4.846834E+00   4.458528E+00   4.069664E+00   3.680345E+00   3.290650E+00   2.900641E+00   2.510366E+00   2.119867E+00   1.729173E+00   1.338311E+00   9.473040E-01   5.561688E-01   1.649210E-01
   1.258685E-01   5.155069E-01   9.048952E-01   1.294000E+00   1.682781E+00   2.071192E+00   2.459174E+00   2.846658E+00   3.233560E+00   3.619772E+00   4.005163E+00   4.389562E+00   4.772752E+00   5.154447E+00   5.534264E+00   5.911680E+00   6.285965E+00   6.656073E+00   7.020450E+00   7.376716E+00   7.721081E+00   8.047271E+00   8.344572E+00   8.594662E+00   8.768668E+00   8.832371E+00   8.768668E+00   8.594662E+00   8.344572E+00   8.047271E+00   7.721081E+00   7.376716E+00   7.020450E+00   6.656073E+00   6.285965E+00   5.911680E+00   5.534264E+00   5.154447E+00   4.772752E+00   4.389562E+00   4.005163E+00   3.619772E+00   3.233560E+00   2.846658E+00   2.459174E+00   2.071192E+00   1.682781E+00   1.294000E+00   9.048952E-01   5.155069E-01   1.258685E-01
   7.145278E-02   4.588710E-01   8.458526E-01   1.232340E+00   1.618264E+00   2.003544E+00   2.388082E+00   2.771759E+00   3.154432E+00   3.535923E+00   3.916008E+00   4.294409E+00   4.670765E+00   5.044614E+00   5.415342E+00   5.782129E+00   6.143853E+00   6.498948E+00   6.845182E+00   7.179303E+00   7.496475E+00   7.789423E+00   8.047271E+00   8.254484E+00   8.391496E+00   8.439821E+00   8.391496E+00   8.254484E+00   8.047271E+00   7.789423E+00   7.496475E+00   7.179303E+00   6.845182E+00   6.498948E+00   6.143853E+00   5.782129E+00   5.415342E+00   5.044614E+00   4.670765E+00   4.294409E+00   3.916008E+00   3.535923E+00   3.154432E+00   2.771759E+00   2.388082E+00   2.003544E+00   1.618264E+00   1.232340E+00   8.458526E-01   4.588710E-01   7.145278E-02
   1.924449E-03   3.865433E-01   7.704949E-01   1.153693E+00   1.536034E+00   1.917398E+00   2.297640E+00   2.676584E+00   3.054020E+00   3.429686E+00   3.803263E+00   4.174348E+00   4.542434E+00   4.906873E+00   5.266823E+00   5.621180E+00   5.968472E+00   6.306713E+00   6.633179E+00   6.944108E+00   7.234274E+00   7.496475E+00   7.721081E+00   7.896075E+00   8.008401E+00   8.047271E+00   8.008401E+00   7.896075E+00   7.721081E+00   7.496475E+00   7.234274E+00   6.944108E+00   6.633179E+00   6.306713E+00   5.968472E+00   5.621180E+00   5.266823E+00   4.906873E+00   4.542434E+00   4.174348E+00   3.803263E+00   3.429686E+00   3.054020E+00   2.676584E+00   2.297640E+00   1.917398E+00   1.536034E+00   1.153693E+00   7.704949E-01   3.865433E-01   1.924449E-03
   0.000000E+00   2.988742E-01   6.792177E-01   1.058507E+00   1.436603E+00   1.813339E+00   2.188521E+00   2.561911E+00   2.933228E+00   3.302126E+00   3.668184E+00   4.030879E+00   4.389562E+00   4.743412E+00   5.091385E+00   5.432142E+00   5.763945E+00   6.084522E+00   6.390890E+00   6.679124E+00   6.944108E+00   7.179303E+00   7.376716E+00   7.527317E+00   7.622233E+00   7.654721E+00   7.622233E+00   7.527317E+00   7.376716E+00   7.179303E+00   6.944108E+00   6.679124E+00   6.390890E+00   6.084522E+00   5.763945E+00   5.432142E+00   5.091385E+00   4.743412E+00   4.389562E+00   4.030879E+00   3.668184E+00   3.302126E+00   2.933228E+00   2.561911E+00   2.188521E+00   1.813339E+00   1.436603E+00   1.058507E+00   6.792177E-01   2.988742E-01   0.000000E+00
   0.000000E+00   1.962749E-01   5.724826E-01   9.473040E-01   1.320560E+00   1.692039E+00   2.061492E+00   2.428624E+00   2.793080E+00   3.154432E+00   3.512165E+00   3.865644E+00   4.214092E+00   4.556544E+00   4.891797E+00   5.218339E+00   5.534264E+00   5.837158E+00   6.123975E+00   6.390890E+00   6.633179E+00   6.845182E+00   7.020450E+00   7.152215E+00   7.234274E+00   7.262171E+00   7.234274E+00   7.152215E+00   7.020450E+00   6.845182E+00   6.633179E+00   6.390890E+00   6.123975E+00   5.837158E+00   5.534264E+00   5.218339E+00   4.891797E+00   4.556544E+00   4.214092E+00   3.865644E+00   3.512165E+00   3.154432E+00   2.793080E+00   2.428624E+00   2.061492E+00   1.692039E+00   1.320560E+00   9.473040E-01   5.724826E-01   1.962749E-01   0.000000E+00
   0.000000E+00   7.920820E-02   4.508076E-01   8.206647E-01   1.188560E+00   1.554238E+00   1.917398E+00   2.277686E+00   2.634679E+00   2.987876E+00   3.336673E+00   3.680345E+00   4.018007E+00   4.348586E+00   4.670765E+00   4.982930E+00   5.283094E+00   5.568826E+00   5.837158E+00   6.084522E+00   6.306713E+00   6.498948E+00   6.656073E+00   6.772972E+00   6.845182E+00   6.869622E+00   6.845182E+00   6.772972E+00   6.656073E+00   6.498948E+00   6.306713E+00   6.084522E+00   5.837158E+00   5.568826E+00   5.283094E+00   4.982930E+00   4.670765E+00   4.348586E+00   4.018007E+00   3.680345E+00   3.336673E+00   2.987876E+00   2.634679E+00   2.277686E+00   1.917398E+00   1.554238E+00   1.188560E+00   8.206647E-01   4.508076E-01   7.920820E-02   0.000000E+00
   0.000000E+00   0.000000E+00   3.147551E-01   6.792177E-01   1.041309E+00   1.400731E+00   1.757133E+00   2.110108E+00   2.459174E+00   2.803764E+00   3.143203E+00   3.476689E+00   3.803263E+00   4.121773E+00   4.430839E+00   4.728803E+00   5.013677E+00   5.283094E+00   5.534264E+00   5.763945E+00   5.968472E+00   6.143853E+00   6.285965E+00   6.390890E+00   6.455330E+00   6.477072E+00   6.455330E+00   6.390890E+00   6.285965E+00   6.143853E+00   5.968472E+00   5.763945E+00   5.534264E+00   5.283094E+00   5.013677E+00   4.728803E+00   4.430839E+00   4.121773E+00   3.803263E+00   3.476689E+00   3.143203E+00   2.803764E+00   2.459174E+00   2.110108E+00   1.757133E+00   1.400731E+00   1.041309E+00   6.792177E-01   3.147551E-01   0.000000E+00   0.000000E+00
   0.000000E+00   0.000000E+00   1.649210E-01   5.236254E-01   8.795444E-01   1.232340E+00   1.581618E+00   1.926925E+00   2.267728E+00   2.603405E+00   2.933228E+00   3.256338E+00   3.571724E+00   3.878196E+00   4.174348E+00   4.458528E+00   4.728803E+00   4.982930E+00   5.218339E+00   5.432142E+00   5.621180E+00   5.782129E+00   5.911680E+00   6.006782E+00   6.064943E+00   6.084522E+00   6.064943E+00   6.006782E+00   5.911680E+00   5.782129E+00   5.621180E+00   5.432142E+00   5.218339E+00   4.982930E+00   4.728803E+00   4.458528E+00   4.174348E+00   3.878196E+00   3.571724E+00   3.256338E+00   2.933228E+00   2.603405E+00   2.267728E+00   1.926925E+00   1.581618E+00   1.232340E+00   8.795444E-01   5.236254E-01   1.649210E-01   0.000000E+00   0.000000E+00
   0.000000E+00   0.000000E+00   1.924449E-03   3.545715E-01   7.040227E-01   1.049904E+00   1.391786E+00   1.729173E+00   2.061492E+00   2.388082E+00   2.708172E+00   3.020869E+00   3.325138E+00   3.619772E+00   3.903378E+00   4.174348E+00   4.430839E+00   4.670765E+00   4.891797E+00   5.091385E+00   5.266823E+00   5.415342E+00   5.534264E+00   5.621180E+00   5.674166E+00   5.691972E+00   5.674166E+00   5.621180E+00   5.534264E+00   5.415342E+00   5.266823E+00   5.091385E+00   4.891797E+00   4.670765E+00   4.430839E+00   4.174348E+00   3.903378E+00   3.619772E+00   3.325138E+00   3.020869E+00   2.708172E+00   2.388082E+00   2.061492E+00   1.729173E+00   1.391786E+00   1.049904E+00   7.040227E-01   3.545715E-01   1.924449E-03   0.000000E+00   0.000000E+00
   0.000000E+00   0.000000E+00   0.000000E+00   1.727501E-01   5.155069E-01   8.542639E-01   1.188560E+00   1.517869E+00   1.841588E+00   2.159024E+00   2.469384E+00   2.771759E+00   3.065105E+00   3.348229E+00   3.619772E+00   3.878196E+00   4.121773E+00   4.348586E+00   4.556544E+00   4.743412E+00   4.906873E+00   5.044614E+00   5.154447E+00   5.234446E+00   5.283094E+00   5.299422E+00   5.283094E+00   5.234446E+00   5.154447E+00   5.044614E+00   4.906873E+00   4.743412E+00   4.556544E+00   4.348586E+00   4.121773E+00   3.878196E+00   3.619772E+00   3.348229E+00   3.065105E+00   2.771759E+00   2.469384E+00   2.159024E+00   1.841588E+00   1.517869E+00   1.188560E+00   8.542639E-01   5.155069E-01   1.727501E-01   0.000000E+00   0.000000E+00   0.000000E+00
   0.000000E+00   0.000000E+00   0.000000E+00   0.000000E+00   3.147551E-01   6.462466E-01   9.728448E-01   1.294000E+00   1.609087E+00   1.917398E+00   2.218129E+00   2.510366E+00   2.793080E+00   3.065105E+00   3.325138E+00   3.571724E+00   3.803263E+00   4.018007E+00   4.214092E+00   4.389562E+00   4.542434E+00   4.670765E+00   4.772752E+00   4.846834E+00   4.891797E+00   4.906873E+00   4.891797E+00   4.846834E+00   4.772752E+00   4.670765E+00   4.542434E+00   4.389562E+00   4.214092E+00   4.018007E+00   3.803263E+00   3.571724E+00   3.325138E+00   3.065105E+00   2.793080E+00   2.510366E+00   2.218129E+00   1.917398E+00   1.609087E+00   1.294000E+00   9.728448E-01   6.462466E-01   3.147551E-01   0.000000E+00   0.000000E+00   0.000000E+00   0.000000E+00
   0.000000E+00   0.000000E+00   0.000000E+00   0.000000E+00   1.025109E-01   4.266580E-01   7.455119E-01   1.058507E+00   1.365007E+00   1.664297E+00   1.955571E+00   2.237930E+00   2.510366E+00   2.771759E+00   3.020869E+00   3.256338E+00   3.476689E+00   3.680345E+00   3.865644E+00   4.030879E+00   4.174348E+00   4.294409E+00   4.389562E+00   4.458528E+00   4.500321E+00   4.514323E+00   4.500321E+00   4.458528E+00   4.389562E+00   4.294409E+00   4.174348E+00   4.030879E+00   3.865644E+00   3.680345E+00   3.476689E+00   3.256338E+00   3.020869E+00   2.771759E+00   2.510366E+00   2.237930E+00   1.955571E+00   1.664297E+00   1.365007E+00   1.058507E+00   7.455119E-01   4.266580E-01   1.025109E-01   0.000000E+00   0.000000E+00   0.000000E+00   0.000000E+00
   0.000000E+00   0.000000E+00   0.000000E+00   0.000000E+00   0.000000E+00   1.962749E-01   5.073954E-01   8.122841E-01   1.110300E+00   1.400731E+00   1.682781E+00   1.955571E+00   2.218129E+00   2.469384E+00   2.708172E+00   2.933228E+00   3.143203E+00   3.336673E+00   3.512165E+00   3.668184E+00   3.803263E+00   3.916008E+00   4.005163E+00   4.069664E+00   4.108703E+00   4.121773E+00   4.108703E+00   4.069664E+00   4.005163E+00   3.916008E+00   3.803263E+00   3.668184E+00   3.512165E+00   3.336673E+00   3.143203E+00   2.933228E+00   2.708172E+00   2.469384E+00   2.218129E+00   1.955571E+00   1.682781E+00   1.400731E+00   1.110300E+00   8.122841E-01   5.073954E-01   1.962749E-01   0.000000E+00   0.000000E+00   0.000000E+00   0.000000E+00   0.000000E+00
   0.000000E+00   0.000000E+00   0.000000E+00   0.000000E+00   0.000000E+00   0.000000E+00   2.592852E-01   5.561688E-01   8.458526E-01   1.127632E+00   1.400731E+00   1.664297E+00   1.917398E+00   2.159024E+00   2.388082E+00   2.603405E+00   2.803764E+00   2.987876E+00   3.154432E+00   3.302126E+00   3.429686E+00   3.535923E+00   3.619772E+00   3.680345E+00   3.716968E+00   3.729223E+00   3.716968E+00   3.680345E+00   3.619772E+00   3.535923E+00   3.429686E+00   3.302126E+00   3.154432E+00   2.987876E+00   2.803764E+00   2.603405E+00   2.388082E+00   2.159024E+00   1.917398E+00   1.664297E+00   1.400731E+00   1.127632E+00   8.458526E-01   5.561688E-01   2.592852E-01   0.000000E+00   0.000000E+00   0.000000E+00   0.000000E+00   0.000000E+00   0.000000E+00
   0.000000E+00   0.000000E+00   0.000000E+00   0.000000E+00   0.000000E+00   0.000000E+00   1.924449E-03   2.909435E-01   5.724826E-01   8.458526E-01   1.110300E+00   1.365007E+00   1.609087E+00   1.841588E+00   2.061492E+00   2.267728E+00   2.459174E+00   2.634679E+00   2.793080E+00   2.933228E+00   3.054020E+00   3.154432E+00   3.233560E+00   3.290650E+00   3.325138E+00   3.336673E+00   3.325138E+00   3.290650E+00   3.233560E+00   3.154432E+00   3.054020E+00   2.933228E+00   2.793080E+00   2.634679E+00   2.459174E+00   2.267728E+00   2.061492E+00   1.841588E+00   1.609087E+00   1.365007E+00   1.110300E+00   8.458526E-01   5.724826E-01   2.909435E-01   1.924449E-03   0.000000E+00   0.000000E+00   0.000000E+00   0.000000E+00   0.000000E+00   0.000000E+00
   0.000000E+00   0.000000E+00   0.000000E+00   0.000000E+00   0.000000E+00   0.000000E+00   0.000000E+00   1.733338E-02   2.909435E-01   5.561688E-01   8.122841E-01   1.058507E+00   1.294000E+00   1.517869E+00   1.729173E+00   1.926925E+00   2.110108E+00   2.277686E+00   2.428624E+00   2.561911E+00   2.676584E+00   2.771759E+00   2.846658E+00   2.900641E+00   2.933228E+00   2.944124E+00   2.933228E+00   2.900641E+00   2.846658E+00   2.771759E+00   2.676584E+00   2.561911E+00   2.428624E+00   2.277686E+00   2.110108E+00   1.926925E+00   1.729173E+00   1.517869E+00   1.294000E+00   1.058507E+00   8.122841E-01   5.561688E-01   2.909435E-01   1.733338E-02   0.000000E+00   0.000000E+00   0.000000E+00   0.000000E+00   0.000000E+00   0.000000E+00   0.000000E+00
   0.000000E+00   0.000000E+00   0.000000E+00   0.000000E+00   0.000000E+00   0.000000E+00   0.000000E+00   0.000000E+00   1.924449E-03   2.592852E-01   5.073954E-01   7.455119E-01   9.728448E-01   1.188560E+00   1.391786E+00   1.581618E+00   1.757133E+00   1.917398E+00   2.061492E+00   2.188521E+00   2.297640E+00   2.388082E+00   2.459174E+00   2.510366E+00   2.541251E+00   2.551574E+00   2.541251E+00   2.510366E+00   2.459174E+00   2.388082E+00   2.297640E+00   2.188521E+00   2.061492E+00   1.917398E+00   1.757133E+00   1.581618E+00   1.391786E+00   1.188560E+00   9.728448E-01   7.455119E-01   5.073954E-01   2.592852E-01   1.924449E-03   0.000000E+00   0.000000E+00   0.000000E+00   0.000000E+00   0.000000E+00   0.000000E+00   0.000000E+00   0.000000E+00
   0.000000E+00   0.000000E+00   0.000000E+00   0.000000E+00   0.000000E+00   0.000000E+00   0.000000E+00   0.000000E+00   0.000000E+00   0.000000E+00   1.962749E-01   4.266580E-01   6.462466E-01   8.542639E-01   1.049904E+00   1.232340E+00   1.400731E+00   1.554238E+00   1.692039E+00   1.813339E+00   1.917398E+00   2.003544E+00   2.071192E+00   2.119867E+00   2.149216E+00   2.159024E+00   2.149216E+00   2.119867E+00   2.071192E+00   2.003544E+00   1.917398E+00   1.813339E+00   1.692039E+00   1.554238E+00   1.400731E+00   1.232340E+00   1.049904E+00   8.542639E-01   6.462466E-01   4.266580E-01   1.962749E-01   0.000000E+00   0.000000E+00   0.000000E+00   0.000000E+00   0.000000E+00   0.000000E+00   0.000000E+00   0.000000E+00   0.000000E+00   0.000000E+00
   0.000000E+00   0.000000E+00   0.000000E+00   0.000000E+00   0.000000E+00   0.000000E+00   0.000000E+00   0.000000E+00   0.000000E+00   0.000000E+00   0.000000E+00   1.025109E-01   3.147551E-01   5.155069E-01   7.040227E-01   8.795444E-01   1.041309E+00   1.188560E+00   1.320560E+00   1.436603E+00   1.536034E+00   1.618264E+00   1.682781E+00   1.729173E+00   1.757133E+00   1.766474E+00   1.757133E+00   1.729173E+00   1.682781E+00   1.618264E+00   1.536034E+00   1.436603E+00   1.320560E+00   1.188560E+00   1.041309E+00   8.795444E-01   7.040227E-01   5.155069E-01   3.147551E-01   1.025109E-01   0.000000E+00   0.000000E+00   0.000000E+00   0.000000E+00   0.000000E+00   0.000000E+00   0.000000E+00   0.000000E+00   0.000000E+00   0.000000E+00   0.000000E+00
   0.000000E+00   0.000000E+00   0.000000E+00   0.000000E+00   0.000000E+00   0.000000E+00   0.000000E+00   0.000000E+00   0.000000E+00   0.000000E+00   0.000000E+00   0.000000E+00   0.000000E+00   1.727501E-01   3.545715E-01   5.236254E-01   6.792177E-01   8.206647E-01   9.473040E-01   1.058507E+00   1.153693E+00   1.232340E+00   1.294000E+00   1.338311E+00   1.365007E+00   1.373924E+00   1.365007E+00   1.338311E+00   1.294000E+00   1.232340E+00   1.153693E+00   1.058507E+00   9.473040E-01   8.206647E-01   6.792177E-01   5.236254E-01   3.545715E-01   1.727501E-01   0.000000E+00   0.000000E+00   0.000000E+00   0.000000E+00   0.000000E+00   0.000000E+00   0.000000E+00   0.000000E+00   0.000000E+00   0.000000E+00   0.000000E+00   0.000000E+00   0.000000E+00
   0.000000E+00   0.000000E+00   0.000000E+00   0.000000E+00   0.000000E+00   0.000000E+00   0.000000E+00   0.000000E+00   0.000000E+00   0.000000E+00   0.000000E+00   0.000000E+00   0.000000E+00   0.000000E+00   1.924449E-03   1.649210E-01   3.147551E-01   4.508076E-01   5.724826E-01   6.792177E-01   7.704949E-01   8.458526E-01   9.048952E-01   9.473040E-01   9.728448E-01   9.813745E-01   9.728448E-01   9.473040E-01   9.048952E-01   8.458526E-01   7.704949E-01   6.792177E-01   5.724826E-01   4.508076E-01   3.147551E-01   1.649210E-01   1.924449E-03   0.000000E+00   0.000000E+00   0.000000E+00   0.000000E+00   0.000000E+00   0.000000E+00   0.000000E+00   0.000000E+00   0.000000E+00   0.000000E+00   0.000000E+00   0.000000E+00   0.000000E+00   0.000000E+00
   0.000000E+00   0.000000E+00   0.000000E+00   0.000000E+00   0.000000E+00   0.000000E+00   0.000000E+00   0.000000E+00   0.000000E+00   0.000000E+00   0.000000E+00   0.000000E+00   0.000000E+00   0.000000E+00   0.000000E+00   0.000000E+00   0.000000E+00   7.920820E-02   1.962749E-01   2.988742E-01   3.865433E-01   4.588710E-01   5.155069E-01   5.561688E-01   5.806502E-01   5.888247E-01   5.806502E-01   5.561688E-01   5.155069E-01   4.588710E-01   3.865433E-01   2.988742E-01   1.962749E-01   7.920820E-02   0.000000E+00   0.000000E+00   0.000000E+00   0.000000E+00   0.000000E+00   0.000000E+00   0.000000E+00   0.000000E+00   0.000000E+00   0.000000E+00   0.000000E+00   0.000000E+00   0.000000E+00   0.000000E+00   0.000000E+00   0.000000E+00   0.000000E+00
   0.000000E+00   0.000000E+00   0.000000E+00   0.000000E+00   0.000000E+00   0.000000E+00   0.000000E+00   0.000000E+00   0.000000E+00   0.000000E+00   0.000000E+00   0.000000E+00   0.000000E+00   0.000000E+00   0.000000E+00   0.000000E+00   0.000000E+00   0.000000E+00   0.000000E+00   0.000000E+00   1.924449E-03   7.145278E-02   1.258685E-01   1.649210E-01   1.884270E-01   1.962749E-01   1.884270E-01   1.649210E-01   1.258685E-01   7.145278E-02   1.924449E-03   0.000000E+00   0.000000E+00   0.000000E+00   0.000000E+00   0.000000E+00   0.000000E+00   0.000000E+00   0.000000E+00   0.000000E+00   0.000000E+00   0.000000E+00   0.000000E+00   0.000000E+00   0.000000E+00   0.000000E+00   0.000000E+00   0.000000E+00   0.000000E+00   0.000000E+00   0.000000E+00

